[gd_scene load_steps=15 format=3 uid="uid://1rr1qvlqv7xb"]

[ext_resource type="PackedScene" uid="uid://cer020f54fwnj" path="res://scenes/player.tscn" id="1_i7pi5"]
[ext_resource type="Script" path="res://scripts/network_manager.gd" id="2_fv4xt"]
[ext_resource type="AudioStream" uid="uid://dulhdyomx2nvc" path="res://audio/footsteps-tap.wav" id="2_rj644"]
[ext_resource type="Script" path="res://scripts/spot_light_3d.gd" id="2_uv8rb"]
[ext_resource type="Script" path="res://scripts/CameraControl.gd" id="3_itbph"]
[ext_resource type="PackedScene" uid="uid://b054yrndyyhyx" path="res://scenes/environment.tscn" id="4_qiups"]
[ext_resource type="AudioStream" uid="uid://bv3r07rew3747" path="res://audio/humming_long.ogg" id="5_xxgte"]
[ext_resource type="AudioStream" uid="uid://hp2x18qw2hh3" path="res://audio/mixkit-light-rain-atmosphere-2474.ogg" id="6_8wg4h"]
[ext_resource type="PackedScene" uid="uid://cmohcowv2ef6d" path="res://scenes/small_objects/cheese.tscn" id="9_7sksj"]
[ext_resource type="Script" path="res://scripts/cheese_manager.gd" id="9_36pyg"]

[sub_resource type="Environment" id="Environment_7us62"]
background_energy_multiplier = 0.2
tonemap_mode = 3
volumetric_fog_enabled = true
volumetric_fog_density = 0.1

[sub_resource type="AudioStreamRandomizer" id="AudioStreamRandomizer_o25xb"]
playback_mode = 2
random_pitch = 1.1
random_volume_offset_db = 2.0
streams_count = 1
stream_0/stream = ExtResource("2_rj644")

[sub_resource type="BoxShape3D" id="BoxShape3D_ndlur"]
size = Vector3(20, 1, 20)

[sub_resource type="BoxMesh" id="BoxMesh_hna24"]
size = Vector3(20, 1, 20)

[node name="Main" type="Node"]

[node name="WorldEnvironment" type="WorldEnvironment" parent="."]
environment = SubResource("Environment_7us62")

[node name="Player" parent="." node_paths=PackedStringArray("camera_node") instance=ExtResource("1_i7pi5")]
transform = Transform3D(1, 0, 0, 0, 1, 0, 0, 0, 1, 0, -0.102446, 0)
camera_node = NodePath("../Camera3D")

[node name="RatTippyTaps" type="AudioStreamPlayer" parent="Player"]
stream = SubResource("AudioStreamRandomizer_o25xb")
volume_db = -14.0
bus = &"Rat noises"
playback_type = 2

[node name="AudioListener3D" type="AudioListener3D" parent="Player"]
current = true

[node name="Ground" type="StaticBody3D" parent="."]
transform = Transform3D(1, 0, 0, 0, 1, 0, 0, 0, 1, 0, -1, 0)

[node name="CollisionShape3D" type="CollisionShape3D" parent="Ground"]
shape = SubResource("BoxShape3D_ndlur")

[node name="MeshInstance3D" type="MeshInstance3D" parent="Ground"]
mesh = SubResource("BoxMesh_hna24")

[node name="Camera3D" type="Camera3D" parent="." node_paths=PackedStringArray("follow_target")]
script = ExtResource("3_itbph")
follow_target = NodePath("../Player")

[node name="Light" type="Node" parent="."]

[node name="Ambient" type="DirectionalLight3D" parent="Light"]
transform = Transform3D(0.887412, -0.344747, -0.306023, 0.335517, 0.0277987, 0.941624, -0.316115, -0.938284, 0.140338, 0, 10, 0)
light_color = Color(0.67451, 0.67451, 0.756863, 1)
light_energy = 0.4
light_angular_distance = 9.75

[node name="SpotLight3D" type="SpotLight3D" parent="Light"]
transform = Transform3D(1, 0, 0, 0, 0.0295092, 0.999565, 0, -0.999565, 0.0295092, -0.06, 10, 0.397)
light_energy = 10.0
light_volumetric_fog_energy = 2.0
shadow_enabled = true
spot_range = 650.0
spot_angle = 13.0
script = ExtResource("2_uv8rb")

[node name="SpotlightHumming" type="AudioStreamPlayer3D" parent="Light/SpotLight3D"]
transform = Transform3D(1, 0, 0, 0, 0.0295092, -0.999565, 0, 0.999565, 0.0295092, 0.06, 0.254107, -4.84609)
stream = ExtResource("5_xxgte")
attenuation_model = 2
autoplay = true
max_distance = 10.0
panning_strength = 0.6
doppler_tracking = 1
parameters/looping = true

[node name="NetworkManager" type="Node" parent="."]
script = ExtResource("2_fv4xt")

[node name="Environment" parent="." instance=ExtResource("4_qiups")]

[node name="BackgroundAmbience" type="AudioStreamPlayer" parent="."]
stream = ExtResource("6_8wg4h")
autoplay = true
bus = &"Ambience"
playback_type = 1
parameters/looping = true

[node name="CheeseManager" type="Node" parent="."]
script = ExtResource("9_36pyg")

[node name="Cheese7" parent="CheeseManager" instance=ExtResource("9_7sksj")]
transform = Transform3D(0.929789, 0, 0.368092, 0, 1, 0, -0.368092, 0, 0.929789, 3.92672, -0.5, -3.16118)

[node name="Cheese" parent="CheeseManager" instance=ExtResource("9_7sksj")]
transform = Transform3D(0.626236, 0, 0.779633, 0, 1, 0, -0.779633, 0, 0.626236, -11.3396, -0.5, -9.87414)

[node name="Cheese2" parent="CheeseManager" instance=ExtResource("9_7sksj")]
transform = Transform3D(0.510723, 0, 0.859745, 0, 1, 0, -0.859745, 0, 0.510723, -12.9147, -0.5, 5.88585)

[node name="Cheese3" parent="CheeseManager" instance=ExtResource("9_7sksj")]
transform = Transform3D(0.878267, 0, 0.478171, 0, 1, 0, -0.478171, 0, 0.878267, 20.5156, -0.5, -7.85761)

[node name="Cheese4" parent="CheeseManager" instance=ExtResource("9_7sksj")]
transform = Transform3D(0.907712, 0, -0.419595, 0, 1, 0, 0.419595, 0, 0.907712, 15.6658, -0.5, 4.82063)

[node name="Cheese5" parent="CheeseManager" instance=ExtResource("9_7sksj")]
transform = Transform3D(0.662489, 0, -0.749071, 0, 1, 0, 0.749071, 0, 0.662489, -18.1699, -0.5, -4.56431)

[node name="Cheese6" parent="CheeseManager" instance=ExtResource("9_7sksj")]
transform = Transform3D(0.984192, 0, -0.177102, 0, 1, 0, 0.177102, 0, 0.984192, -3.15838, -0.5, 10.5411)

[connection signal="rat_moved" from="Player" to="NetworkManager" method="_on_player_rat_moved"]
[connection signal="spot_position_changed" from="NetworkManager" to="Light/SpotLight3D" method="_on_network_manager_spot_position_changed"]
